5.00E-06	0.297943142	0.312940848	0.314500573	0.342300079	0.398261352	0.486078953	0.637399395	0.874178379	0.009474019
5.05E-06	0.304758502	0.307465101	0.323896767	0.356046716	0.408298075	0.496827852	0.651591594	0.588001057	0.008435585
5.10E-06	0.315293047	0.307954662	0.338373611	0.365902892	0.415349314	0.503404663	0.666463441	0.490207312	0.008437961
5.15E-06	0.31756162	0.325261227	0.340445784	0.369044698	0.420399284	0.5099773	0.681343975	0.290904106	0.008526745
5.20E-06	0.318708647	0.336665993	0.337587026	0.373997284	0.428842416	0.522733048	0.699436429	0.241183434	0.008521711
5.25E-06	0.32627939	0.329963882	0.341425533	0.379911985	0.435644932	0.533576237	0.711193874	0.253210092	0.008762624
5.30E-06	0.334930892	0.332051875	0.360770681	0.391382038	0.44835028	0.549741753	0.719510079	0.440802678	0.007863309
5.35E-06	0.341444771	0.347189162	0.369609577	0.393972577	0.4563794	0.558784456	0.732005299	0.384892211	0.007663344
5.40E-06	0.351030282	0.35903769	0.37268564	0.397354563	0.463623115	0.567096528	0.747002137	0.326207535	0.008050576
5.45E-06	0.360050904	0.361139878	0.379267463	0.408901043	0.471923146	0.578234838	0.772551606	0.243776322	0.007123603
5.50E-06	0.356385154	0.368090635	0.389736324	0.422577533	0.48235337	0.592347191	0.790149085	0.265408212	0.007175912
5.55E-06	0.354602759	0.377824094	0.394757049	0.431728048	0.493310634	0.607051973	0.805566237	0.321567834	0.007275892
5.60E-06	0.367945968	0.380099431	0.390666024	0.434356583	0.502144705	0.619874961	0.82099871	0.535106112	0.006856114
5.65E-06	0.38836757	0.375301966	0.394324986	0.442046173	0.51065146	0.630555909	0.833719076	0.317541417	0.006736585
5.70E-06	0.396024424	0.38010697	0.408172403	0.455036985	0.51904188	0.640371735	0.836455554	0.255842305	0.006631617
5.75E-06	0.39587136	0.397558961	0.421581427	0.468199909	0.528529248	0.650680171	0.842274853	0.216854827	0.006195336
5.80E-06	0.40712916	0.414243616	0.427247904	0.477610818	0.543240799	0.668197935	0.870858223	0.390279702	0.006328582
5.85E-06	0.42030349	0.41635247	0.428474055	0.480215717	0.553487049	0.683065643	0.878438809	0.492977645	0.005932502
5.90E-06	0.429757152	0.421673562	0.440901831	0.488690329	0.565250804	0.700150113	0.903269365	0.618979962	0.006020762
5.95E-06	0.424711223	0.437874421	0.46114911	0.503724466	0.574505882	0.712552391	0.931277386	0.232252444	0.006085681
6.00E-06	0.421474348	0.455092649	0.4722436	0.516598268	0.583064094	0.72137689	0.931197327	0.20349773	0.005669021
6.05E-06	0.447217463	0.477139588	0.486799468	0.538487973	0.608100413	0.740150638	0.919254578	0.673698104	0.008325053
6.10E-06	0.452092138	0.465861067	0.478306535	0.53136944	0.610997581	0.744734607	0.897151246	0.764149748	0.005362457
6.15E-06	0.517487018	0.525873898	0.550947964	0.593995368	0.677509274	0.803220684	0.907551016	0.588008372	0.01953733
6.20E-06	0.497432045	0.527533575	0.554864446	0.592870026	0.674102896	0.808182395	0.882231623	0.523245811	0.0159064
6.25E-06	0.51664559	0.561929915	0.583301685	0.624893197	0.695948895	0.831086623	0.902292301	0.698154822	0.019351374
6.30E-06	0.48891603	0.524843152	0.540851419	0.594860158	0.667878477	0.81723802	0.748221884	0.265807564	0.007522236
6.35E-06	0.497962381	0.513198403	0.533100598	0.592301819	0.672617385	0.827346797	0.384687172	0.184388638	0.00480685
6.40E-06	0.509933071	0.518960834	0.5504045	0.600523051	0.694691329	0.842437749	0.273000394	0.07195024	0.005929153
6.45E-06	0.527271377	0.551924238	0.588370915	0.628495002	0.723651435	0.860743724	0.331073362	0.135560315	0.010428792
6.50E-06	0.521539016	0.567971312	0.602214943	0.640024781	0.728222171	0.877250872	0.304146836	0.054072658	0.007618598
6.55E-06	0.540666263	0.575982749	0.608055333	0.656585545	0.737660481	0.897993456	0.296518531	0.048428247	0.006726381
6.60E-06	0.566416043	0.56461646	0.600858493	0.666952273	0.746001928	0.908150937	0.306844474	0.030188202	0.005231821
6.65E-06	0.598438119	0.578138622	0.623810291	0.687190382	0.777204333	0.926403494	0.370964182	0.044623438	0.009188918
6.70E-06	0.584811659	0.583368357	0.635463544	0.680801569	0.787602697	0.923659184	0.255728018	0.029530282	0.006618457
6.75E-06	0.59783534	0.618457748	0.6650322	0.697848583	0.806432054	0.935202984	0.30975564	0.029344957	0.007149121
6.80E-06	0.674864298	0.689438187	0.723629434	0.763135764	0.852845074	0.957747008	0.657164096	0.075116001	0.018998028
6.85E-06	0.777244542	0.755621241	0.781444787	0.843113263	0.902927093	0.984054158	0.932385237	0.129924057	0.036889928
6.90E-06	0.852340086	0.827870228	0.848512851	0.9027774	0.945442589	0.994899045	0.970229592	0.21414914	0.063674334
6.95E-06	0.844165854	0.835044579	0.855229318	0.902407975	0.951459099	0.995728467	0.930164455	0.202786705	0.061189507
7.00E-06	0.853318493	0.881446325	0.899566593	0.918826841	0.967729633	0.992030347	0.934903144	0.212697344	0.067980344
7.05E-06	0.933366266	0.954404154	0.963152802	0.969440312	0.990896169	0.994242373	0.96871019	0.322502156	0.113410735
7.10E-06	0.959679204	0.97263236	0.978390978	0.98269823	0.995860738	0.995990943	0.970327122	0.416289229	0.148640522
7.15E-06	0.948544102	0.955936848	0.965263726	0.975951984	0.993652295	0.982703466	0.967077692	0.348292704	0.116885795
7.20E-06	0.911655799	0.902612449	0.920538745	0.953643451	0.983554387	0.901986769	0.943259151	0.214974974	0.066719418
7.25E-06	0.861979735	0.842765157	0.86706602	0.932052106	0.969618075	0.805837905	0.947920627	0.113618237	0.036368605
7.30E-06	0.823071848	0.837657091	0.863394112	0.904734315	0.962819818	0.71128105	0.708771845	0.074786236	0.024555064
7.35E-06	0.816294106	0.879729383	0.895300005	0.898859271	0.964459524	0.627192011	0.902931346	0.060492306	0.020547251
7.40E-06	0.870548248	0.874784658	0.898522397	0.924046276	0.96586976	0.644684465	0.768230177	0.057011699	0.020024476
7.45E-06	0.890880614	0.840607894	0.864912457	0.941882545	0.954764719	0.726481607	0.928937837	0.051413182	0.01866169
7.50E-06	0.847096414	0.825482481	0.849265075	0.920995455	0.900662556	0.631571934	0.808641393	0.03904415	0.014335073
7.55E-06	0.816060622	0.878849329	0.893975181	0.903060524	0.754910928	0.608326709	0.895703768	0.039581713	0.014906877
7.60E-06	0.890234138	0.930324437	0.942448915	0.942066234	0.798115223	0.867343741	0.705069433	0.060227985	0.023391411
7.65E-06	0.957820779	0.902581022	0.922539799	0.981063237	0.875135417	0.912366367	0.414619385	0.077963542	0.031238979
7.70E-06	0.905680516	0.915513784	0.934248179	0.962430271	0.904933444	0.967948488	0.267732475	0.077249256	0.031653794
7.75E-06	0.968317134	0.989938215	0.991553429	0.989347467	0.981914084	0.967449066	0.286383606	0.112147199	0.047799167
7.80E-06	0.963068722	0.971597559	0.984499584	0.982045073	0.995398563	0.947831277	0.256471689	0.118668427	0.052229281
7.85E-06	0.97660612	0.978482719	0.984246898	0.993351301	0.994554223	0.899594425	0.665361128	0.440382811	0.229242688
7.90E-06	0.969985086	0.972133154	0.978466266	0.987518478	0.99045265	0.957271546	0.850031858	0.663852107	0.395097351
7.95E-06	0.983197385	0.984244059	0.987356331	0.992151313	0.996376184	0.990831048	0.949234753	0.825032702	0.553400942
8.00E-06	0.996093937	0.996328553	0.997038211	0.998195079	0.999488636	0.999170309	0.988675578	0.931301511	0.710026331
8.05E-06	0.999645754	0.999441893	0.999715608	0.99962113	0.999941632	0.999826103	0.996434606	0.960120874	0.694321874
8.10E-06	0.99841061	0.996816922	0.999554245	0.995679436	0.998725643	0.99831111	0.982780694	0.642830174	0.250489008
8.15E-06	0.982828977	0.993680473	0.99117451	0.998086912	0.998525475	0.995804514	0.9410523	0.378800777	0.151742697
8.20E-06	0.999317891	0.993990837	0.998274443	0.99566457	0.999692075	0.995235552	0.861677617	0.322799894	0.13624442
8.25E-06	0.993043092	0.990462781	0.992617864	0.999352322	0.999795513	0.992391763	0.776408763	0.327328004	0.143812492
8.30E-06	0.991073208	0.995389361	0.995688374	0.997426809	0.999927381	0.98911224	0.731798564	0.348481391	0.15820632
8.35E-06	0.993152266	0.994319024	0.995751551	0.997266764	0.999946617	0.985593729	0.710957615	0.363806067	0.168834586
8.40E-06	0.993162019	0.992602119	0.99467388	0.997437969	0.999903148	0.983184367	0.707528027	0.377250993	0.177555824
8.45E-06	0.991359536	0.991227566	0.993467372	0.997274214	0.99985614	0.97806381	0.683205273	0.374792598	0.178180506
8.50E-06	0.989384042	0.990811509	0.992956696	0.996764875	0.999792844	0.970036667	0.653142172	0.366014388	0.175286517
8.55E-06	0.988366825	0.989443188	0.992093118	0.996383233	0.999624555	0.956735275	0.62040512	0.354536506	0.170906545
8.60E-06	0.986082903	0.986756477	0.990230545	0.995922221	0.999237065	0.933136282	0.587658561	0.343046336	0.166599747
8.65E-06	0.983004703	0.984557572	0.988615323	0.995304426	0.998437748	0.904232486	0.572434158	0.342533502	0.168085019
8.70E-06	0.979061671	0.980690556	0.985945875	0.994488645	0.996335324	0.867611542	0.566558869	0.349451465	0.173970916
8.75E-06	0.973604006	0.975801948	0.982567028	0.993324726	0.991764318	0.841220125	0.575479237	0.366540797	0.185702039
8.80E-06	0.966015639	0.968905403	0.977804741	0.991281313	0.982344976	0.824288976	0.590948078	0.38869882	0.200790682
8.85E-06	0.955732733	0.959573637	0.971216022	0.987162288	0.967595975	0.817167678	0.611419401	0.414813121	0.218730833
8.90E-06	0.942895816	0.947833526	0.962304907	0.979056446	0.952150099	0.822201006	0.641197353	0.449168326	0.242464438
8.95E-06	0.928611851	0.934483704	0.950811807	0.966669022	0.941797479	0.839317989	0.682768661	0.495540426	0.27526061
9.00E-06	0.916510048	0.922680225	0.939100038	0.954423422	0.939219854	0.865381964	0.734205758	0.554071717	0.318649497
9.05E-06	0.911396769	0.917123817	0.932259411	0.947863654	0.943601595	0.895201024	0.789667597	0.620504352	0.371314922
9.10E-06	0.914661738	0.919589062	0.932866883	0.948357159	0.952004524	0.922917969	0.840629654	0.685683632	0.427267625
9.15E-06	0.923784642	0.92786944	0.9391588	0.953687548	0.96174188	0.945955625	0.882998968	0.74367338	0.481376338
9.20E-06	0.934533745	0.937897426	0.947393425	0.960473519	0.970333007	0.962835926	0.914553667	0.790081295	0.528483309
9.25E-06	0.944270804	0.947079728	0.955130911	0.966718985	0.976873871	0.973970709	0.93567155	0.823295258	0.564892805
9.30E-06	0.95291148	0.955271833	0.962113379	0.972264351	0.981988707	0.981614129	0.950261491	0.84765716	0.593452544
9.35E-06	0.959618944	0.961643678	0.967558521	0.976517079	0.985587867	0.986533868	0.959906989	0.864873173	0.614973361
9.40E-06	0.964387401	0.966178016	0.971436	0.979506151	0.987957561	0.989529371	0.96593238	0.87630057	0.630059051
9.45E-06	0.967932815	0.969551922	0.9743233	0.981712583	0.989619329	0.991467598	0.969873211	0.884138376	0.640850417
9.50E-06	0.970750989	0.972234475	0.976618069	0.983452498	0.990879404	0.992850429	0.972736579	0.890094407	0.649350885
9.55E-06	0.97223947	0.973647782	0.977816226	0.984343812	0.991517937	0.993632817	0.974607343	0.894279268	0.655580094
9.60E-06	0.972266529	0.973665093	0.977807541	0.984309717	0.99151771	0.993888762	0.975660446	0.896918168	0.659701025
9.65E-06	0.971655928	0.973070333	0.977261847	0.98385588	0.991238951	0.994001126	0.976681767	0.899654694	0.664083032
9.70E-06	0.970235757	0.971692091	0.976011343	0.982831456	0.990594433	0.994080851	0.978282344	0.904039667	0.67118163
9.75E-06	0.968658303	0.970150229	0.974583449	0.981631618	0.989860642	0.994409653	0.981039286	0.911365977	0.683100187
9.80E-06	0.968242778	0.969713902	0.974100164	0.981145495	0.989632761	0.99526685	0.984949625	0.921503579	0.699959862
9.85E-06	0.969835225	0.97120872	0.975320878	0.982000482	0.990287524	0.996546199	0.98902622	0.932172359	0.718610683
9.90E-06	0.973282971	0.974497942	0.978148744	0.984132946	0.991711867	0.997843764	0.99206923	0.940645205	0.734759072
9.95E-06	0.978358299	0.979360489	0.982379704	0.987356319	0.993716983	0.99891345	0.993659929	0.946122663	0.747066809
1.00E-05	0.983266083	0.984062366	0.986469579	0.990438718	0.99551676	0.999541618	0.99424661	0.949690093	0.756918708
1.01E-05	0.987314051	0.987925919	0.989722368	0.992858065	0.996846172	0.999830735	0.994422272	0.952516569	0.765876738
1.01E-05	0.989723761	0.9902633	0.992352544	0.994764132	0.99781284	0.999936132	0.994597423	0.955270516	0.77473929
1.02E-05	0.992969675	0.993799684	0.99289987	0.995333112	0.998089981	0.999989152	0.994689619	0.958052764	0.783767745
1.02E-05	0.993744698	0.991761101	0.996849138	0.997131392	0.999211827	0.999927087	0.995296352	0.960883567	0.79344108
1.03E-05	0.99075039	0.994896126	0.994532294	0.99797624	0.998524899	0.999986121	0.99489137	0.964141447	0.803063167
1.03E-05	0.998144001	0.999107239	0.992743508	0.994604431	0.998284988	0.999658411	0.99640681	0.96656561	0.812738025
1.04E-05	0.997118869	0.991195042	0.999175045	0.997817437	0.999967349	0.999765576	0.995627466	0.969886644	0.823705389
1.04E-05	0.987644963	0.989701578	0.996960213	0.999457714	0.998230582	0.999699331	0.996171723	0.972942921	0.833953327
1.05E-05	0.99012094	0.997461075	0.989400285	0.99400072	0.996807604	0.998941359	0.99798025	0.976138019	0.850001464
1.05E-05	0.996961463	0.996504784	0.990971402	0.992543578	0.998164467	0.999113831	0.996456793	0.979941084	0.856061061
1.06E-05	0.994578261	0.988391965	0.996451833	0.996262905	0.998544297	0.999492183	0.997076921	0.980960411	0.875735635
1.06E-05	0.987204737	0.986367382	0.995621697	0.997535604	0.997076071	0.998994042	0.999045746	0.986190671	0.886318073
1.07E-05	0.986427122	0.991401004	0.990958452	0.994742163	0.996614692	0.998723897	0.998418747	0.988432877	0.901050046
1.07E-05	0.99094004	0.994603202	0.990000099	0.993247128	0.997491587	0.999195657	0.9982776	0.98970648	0.921145115
1.08E-05	0.994087869	0.992851283	0.993649376	0.995294219	0.998253762	0.99956095	0.999558668	0.994751506	0.934107442
1.08E-05	0.993380732	0.992147287	0.996388563	0.99762953	0.99841866	0.999483529	0.999554087	0.995512516	0.952813114
1.09E-05	0.994777243	0.99590166	0.997006973	0.998296293	0.999105624	0.999755265	0.999536158	0.996477579	0.951622631
1.09E-05	0.997597647	0.998836319	0.99785559	0.99877948	0.999719884	0.999969963	0.999538038	0.995055961	0.930520814
1.10E-05	0.999343126	0.999610703	0.99884413	0.999312615	0.999944132	0.999995738	0.999290487	0.992352944	0.899063066
1.10E-05	0.999836255	0.999262732	0.999557548	0.999711149	0.99996025	0.999956207	0.999013103	0.989583518	0.867442521
1.11E-05	0.999338406	0.998463823	0.999936924	0.999962793	0.999882551	0.999894991	0.998722906	0.986219497	0.826210796
1.11E-05	0.998081144	0.998206299	0.999523922	0.999792425	0.999821657	0.999869953	0.998107279	0.97747508	0.744662826
1.12E-05	0.998060702	0.999482939	0.998501328	0.999222574	0.999949068	0.999861547	0.996388653	0.953905271	0.627664543
1.12E-05	0.999483352	0.999705551	0.998831499	0.999395102	0.999976869	0.999619313	0.992947281	0.908344579	0.533267069
1.13E-05	0.999027815	0.998280693	0.999244243	0.99956023	0.99989648	0.999276277	0.98696675	0.853518877	0.482730377
1.13E-05	0.997567501	0.997500777	0.99846034	0.999125567	0.999880104	0.998712711	0.977981947	0.813819546	0.466021816
1.14E-05	0.99656294	0.996860628	0.997563834	0.998675722	0.999825383	0.997889845	0.968268425	0.798611749	0.471714261
1.14E-05	0.995553592	0.995882589	0.99676189	0.998234215	0.999712707	0.997056873	0.962396406	0.803402746	0.492232291
1.15E-05	0.994581414	0.994948358	0.996031043	0.997800986	0.999555823	0.996541262	0.961519752	0.817351696	0.518091647
1.15E-05	0.994000384	0.994395292	0.995583234	0.997507736	0.999416821	0.996521191	0.96409031	0.833875272	0.54379724
1.16E-05	0.993820481	0.994220837	0.995429862	0.997382439	0.999337407	0.99677546	0.967499863	0.848412635	0.565511838
1.16E-05	0.993766107	0.994166851	0.995377507	0.997331011	0.999299908	0.996945732	0.969410378	0.856135028	0.577345852
1.17E-05	0.993641765	0.994049685	0.995281044	0.997267075	0.999269315	0.996933868	0.969616847	0.857670959	0.580228841
1.17E-05	0.993294888	0.993724312	0.995019627	0.997105906	0.999200475	0.996770717	0.968901034	0.856879809	0.580403724
1.18E-05	0.992779446	0.993240132	0.994629047	0.996860688	0.999090011	0.996554564	0.968124978	0.856554193	0.581731188
1.18E-05	0.992437681	0.992917869	0.994364912	0.996686022	0.999003898	0.996485103	0.968267812	0.858498385	0.585745216
1.19E-05	0.992363603	0.992846997	0.994303338	0.996638492	0.998976203	0.996534211	0.968842847	0.860789575	0.589456276
1.19E-05	0.992180589	0.992677452	0.994174335	0.996572975	0.998955454	0.996300826	0.967241108	0.855955961	0.582658742
1.20E-05	0.991394332	0.991948018	0.993617266	0.996283422	0.998851515	0.995304106	0.960797819	0.837907545	0.558817588
1.20E-05	0.989391445	0.990085035	0.992173274	0.995479332	0.998474592	0.992999383	0.948698747	0.8102067	0.527017149
1.21E-05	0.985584766	0.986536458	0.989386809	0.993818353	0.997461015	0.988947239	0.933820171	0.784679064	0.502504955
1.21E-05	0.980132906	0.981437884	0.985311983	0.991172215	0.995477724	0.983953498	0.922280027	0.770839187	0.492250367
1.22E-05	0.973851721	0.975528863	0.980452818	0.987689714	0.992635836	0.979811745	0.917672906	0.770068602	0.495209465
1.22E-05	0.967345092	0.969354713	0.975193123	0.983593892	0.989346028	0.977310499	0.918970138	0.778505146	0.507158318
1.23E-05	0.960804808	0.963088795	0.969673749	0.97906039	0.985897873	0.976130365	0.923726895	0.79195277	0.524256086
1.23E-05	0.954587707	0.957072317	0.964211707	0.974422854	0.982593736	0.976036773	0.930724399	0.808656909	0.545124408
1.24E-05	0.949161665	0.951762757	0.95924653	0.970104939	0.979742823	0.976958959	0.939502105	0.8281732	0.569756598
1.24E-05	0.944940779	0.947579952	0.955211539	0.966521181	0.977577675	0.9786686	0.949258572	0.849340282	0.597243371
1.25E-05	0.943111794	0.945694199	0.953217523	0.96463673	0.976750378	0.981301685	0.959501386	0.871088005	0.626459272
1.25E-05	0.944124023	0.946559852	0.953717006	0.964844109	0.977472165	0.984768285	0.96981676	0.892772115	0.656870723
1.26E-05	0.946849179	0.949105145	0.955785403	0.966384555	0.979042503	0.988147728	0.978588186	0.911530692	0.684674439
1.26E-05	0.951155816	0.953206868	0.959318007	0.969164568	0.981343752	0.991205023	0.985205812	0.925829568	0.707096298
1.27E-05	0.956962207	0.95877725	0.964210983	0.973065188	0.984275159	0.993948021	0.989900069	0.936073931	0.724262561
1.27E-05	0.962913437	0.964497858	0.969257368	0.977073006	0.987112837	0.996052301	0.99282989	0.942828963	0.736685331
1.28E-05	0.968599201	0.969967865	0.974088086	0.980883949	0.989671623	0.997528013	0.994261859	0.946538849	0.744612771
1.28E-05	0.97400777	0.975170757	0.978673067	0.984464664	0.991961066	0.998550067	0.994774175	0.948505899	0.750050402
1.29E-05	0.978676034	0.979643872	0.982588445	0.987490998	0.993808953	0.999192231	0.994838537	0.949782594	0.754598184
1.29E-05	0.982204002	0.983048222	0.985687744	0.989763437	0.995144991	0.999549259	0.994732952	0.950814335	0.758735435
1.30E-05	0.985118552	0.985964998	0.98794228	0.991625905	0.99612824	0.999743115	0.994618963	0.951818932	0.762712749
1.30E-05	0.987515656	0.987955521	0.989520068	0.992892356	0.996898262	0.999851891	0.994505927	0.952827921	0.766549999
1.31E-05	0.988638096	0.988964831	0.991073731	0.993605975	0.99730526	0.999888574	0.994455293	0.953707942	0.769899767
1.31E-05	0.98932783	0.989938307	0.992084135	0.994260408	0.997557962	0.999909047	0.994470669	0.954477583	0.772463161
1.32E-05	0.990014023	0.990809864	0.992506764	0.994778884	0.997765322	0.999925486	0.994480741	0.955040411	0.774324766
1.32E-05	0.99062852	0.991462894	0.992672804	0.995135532	0.997926369	0.999937781	0.994495529	0.955489873	0.775808194
1.33E-05	0.991247351	0.992047999	0.99274817	0.995441208	0.99807667	0.999951118	0.994532172	0.955999602	0.777436267
1.33E-05	0.992052513	0.992705004	0.992736014	0.995770129	0.998265721	0.999965553	0.994574716	0.956635431	0.779523552
1.34E-05	0.993142311	0.993324917	0.992646686	0.99604465	0.998515303	0.999971032	0.994583253	0.957336188	0.782099628
1.34E-05	0.994159423	0.993348952	0.992847898	0.995960688	0.998726859	0.999950167	0.994596494	0.958138689	0.785103063
1.35E-05	0.993935664	0.99215604	0.994091221	0.995299727	0.998604511	0.999911385	0.994866242	0.95942939	0.788255872
1.35E-05	0.991911713	0.990558347	0.99637544	0.994732943	0.998089888	0.999911461	0.995479664	0.961413209	0.792209191
1.36E-05	0.989812017	0.990634137	0.998086617	0.995361767	0.997754993	0.999957854	0.995827534	0.962939721	0.797494926
1.36E-05	0.989816525	0.992999379	0.997806587	0.997077897	0.998078646	0.999964707	0.995484567	0.963234769	0.802108728
1.37E-05	0.992047055	0.996167976	0.995949401	0.998726844	0.998833017	0.999885424	0.994893121	0.963260661	0.80465975
1.37E-05	0.995111123	0.998482263	0.993847129	0.999493427	0.99952981	0.999763132	0.994601926	0.96393658	0.806309361
1.38E-05	0.997801876	0.999263538	0.992470632	0.999275921	0.999910197	0.999662853	0.994778182	0.965342531	0.808553652
1.38E-05	0.999281834	0.998443334	0.992373773	0.998305877	0.999886079	0.999633158	0.995352295	0.967136216	0.812143501
1.39E-05	0.999079055	0.996493413	0.993693584	0.997080429	0.999514154	0.999695792	0.996063413	0.968719423	0.81673554
1.39E-05	0.997519727	0.99452228	0.99585773	0.996293059	0.999053592	0.999819548	0.996526156	0.96957768	0.820790893
1.40E-05	0.995717425	0.993593926	0.997844507	0.996329276	0.998802044	0.999933286	0.996589914	0.969890722	0.823399612
1.40E-05	0.9946737	0.993933039	0.998935655	0.996983635	0.9988453	0.999988543	0.996431904	0.970119199	0.824944788
1.41E-05	0.994567081	0.994940047	0.999145031	0.99774653	0.999043799	0.999992142	0.996274587	0.970355949	0.825820078
1.41E-05	0.994969016	0.995929426	0.998903402	0.998288481	0.999236359	0.999975784	0.996176903	0.970409773	0.825824902
1.42E-05	0.995428578	0.996591624	0.998567106	0.998565951	0.999356889	0.999960126	0.996105316	0.970184136	0.824860944
1.42E-05	0.995763778	0.996959913	0.998271551	0.998677164	0.999415934	0.999949937	0.996035945	0.969775466	0.823318782
1.43E-05	0.995964555	0.997150675	0.998035462	0.998710697	0.999438412	0.999944465	0.995969971	0.969323043	0.821683645
1.43E-05	0.996080189	0.997265799	0.997843377	0.998722121	0.999444125	0.999942262	0.995915722	0.968933452	0.820312381
1.44E-05	0.996169036	0.997367116	0.997669965	0.998736575	0.9994455	0.999941774	0.995874388	0.968632371	0.819274204
1.44E-05	0.996282219	0.997491342	0.997493386	0.998766512	0.999451344	0.999941466	0.995844429	0.968425424	0.818574831
1.45E-05	0.996459722	0.99765497	0.997298031	0.998816104	0.999468213	0.999939923	0.995823687	0.968314374	0.818212954
1.45E-05	0.99670111	0.99784618	0.997080908	0.998879809	0.999496004	0.999936786	0.995810203	0.968288199	0.818151652
1.46E-05	0.996992437	0.998048209	0.996840617	0.998951077	0.999532767	0.999931887	0.995801621	0.96833116	0.818341257
1.46E-05	0.997322711	0.998247942	0.996571116	0.999025109	0.999577354	0.999924689	0.995794531	0.968426887	0.818732102
1.47E-05	0.997702508	0.998429993	0.996266619	0.999093195	0.999632783	0.999913247	0.995785827	0.968575424	0.819325809
1.47E-05	0.998132822	0.998550765	0.995943488	0.999131449	0.999701301	0.999894952	0.995775715	0.968794012	0.820171105
1.48E-05	0.9985664	0.99852551	0.995661789	0.999096107	0.999776748	0.999868365	0.995772612	0.969114205	0.821343744
1.48E-05	0.998879704	0.998266159	0.995514367	0.998944968	0.999837345	0.999836422	0.995791733	0.969540648	0.822816457
1.49E-05	0.998950762	0.997767914	0.995549603	0.998681907	0.999859615	0.999805648	0.995839043	0.970012825	0.824373687
1.49E-05	0.998761545	0.997113589	0.995731925	0.998352412	0.999839148	0.999780436	0.995902101	0.970439634	0.825734099
1.50E-05	0.998386897	0.996408725	0.995966543	0.998006597	0.999790011	0.99975962	0.995954655	0.970735527	0.826644106
1.50E-05	0.997889415	0.995677222	0.996200639	0.997648932	0.999723364	0.999737887	0.99598814	0.970918502	0.827166339